start=3712.233000
pause=yes
volume=96.000000
