start=2721.400000
volume=108.000000
