start=989.289000
pause=yes
volume=82.000000
aid=1
