start=4886.226000
volume=95.000000
aid=1
